197
2020 10
48808 3751 57212 27424 27597 33626 83717 88764 8142 37139 
4611 17
72190 42628 66315 15809 48644 89559 76734 10445 6808 97014 59658 1484 24938 72423 56369 59658 56369 
1351 11
91501 89302 2942 36129 31055 47154 36187 28930 59813 21165 19843 
3644 16
1817 19596 8942 89394 29163 29824 16804 38337 61786 54716 77930 8768 54716 61786 77930 8942 
2337 17
23507 49302 71313 95863 21985 89044 60660 18423 4078 8044 88347 46623 5263 5729 81592 6911 95701 
8538 14
45850 95921 21528 71233 63556 47205 70534 24592 20976 38951 47810 9599 45850 71233 
6394 12
83017 92805 6540 61497 7025 2498 1137 33963 95220 95220 60208 33963 
8244 16
14661 72472 90952 78459 10783 92400 68699 14098 28094 94961 48557 80891 61128 44485 78073 48557 
6734 11
97395 72853 57877 22039 97571 88671 8864 89851 84889 61201 14960 
2582 20
54651 85660 84748 77293 28547 98909 46142 72491 86127 17340 11168 20963 48410 79169 46203 57380 12794 11168 35965 28547 
6871 20
47629 39044 12282 67662 42836 66013 36149 31515 74615 87851 21581 40071 16615 599 59306 80127 75548 74736 66013 599 
5200 16
17045 28276 73487 59035 60677 60888 739 16919 3784 66843 38119 66843 739 46191 66843 3784 
4880 10
19691 92822 59731 83741 34186 83343 8290 34186 44543 34186 
4701 16
23997 6552 65840 68744 23769 83383 9747 82879 68814 16350 68487 62123 68814 82879 65840 93762 
4132 16
5841 82563 54323 67116 40319 16433 63492 32557 59762 99020 19681 52678 80273 63492 59762 63492 
9484 11
226 47437 99188 79794 35567 5182 58229 30227 58229 226 79794 
5957 19
16538 12683 73285 45400 93648 69754 56863 41798 38263 4178 9519 14059 11601 16118 7362 12683 16118 16118 14059 
7814 16
44838 78696 33366 95574 80676 19486 44013 80151 52780 61828 45751 97678 68620 59789 45751 45751 
2196 16
67224 2109 19342 47800 62773 57352 97218 50022 93129 62432 3747 77429 74880 93129 93129 93129 
5316 18
89957 46977 56268 69833 51928 67527 61525 51210 27434 47058 84014 18621 22137 56888 84014 61525 67527 51928 
2100 20
54872 76171 54967 30916 97726 1945 79502 53743 8045 46250 94917 71192 81719 35894 59515 83379 71192 79502 30916 46250 
5910 15
90677 46939 62318 42642 60393 44929 70366 43906 83675 40043 83719 36856 88883 66797 36856 
6335 18
45800 35019 89014 61156 53910 74797 40589 86946 93380 56674 42280 93899 60486 30593 43331 86946 74797 93380 
3467 11
78552 36992 90590 28997 4713 8128 56363 90590 90590 90590 36992 
4554 14
35882 11512 56870 6415 67029 81379 16029 64665 77214 44023 16029 35882 56870 64665 
7225 18
78072 73600 45480 46955 63833 75726 8943 71984 19301 71888 47987 3716 14124 63591 39801 47987 73600 45480 
5383 17
61230 26831 39229 68250 49497 44877 82825 3636 30 92416 3881 20688 93727 82825 92416 92416 3636 
6993 10
26720 53 2980 52974 93421 69164 81627 48603 16950 93421 
978 11
12737 10938 21714 8917 15087 79475 46621 16765 43093 15087 43093 
7080 14
1663 20008 85546 70841 69107 73591 9682 23203 7387 80729 1663 96276 52564 70841 
7489 14
56262 8920 52957 13883 69199 79740 44241 67829 12088 11981 74735 53564 86708 38899 
5140 10
17198 32566 89833 93771 61638 99029 25582 67680 32829 93771 
1292 16
87445 84263 33342 54443 62702 23058 25891 23069 29470 22361 23058 22361 23058 87426 23058 23058 
6089 13
16238 50447 37884 95327 68375 78245 11394 30892 26843 24944 26843 16238 78245 
5162 13
48002 54404 50244 1991 46351 97907 40646 73265 93402 50244 46351 73265 93402 
2177 18
87213 39013 31104 8483 55049 25795 74391 8328 48816 68404 85483 30923 65697 64068 72534 11461 31104 25795 
499 13
94178 98021 63770 37497 70150 82950 21219 47917 70058 67158 93068 20822 82950 
2608 19
63594 86940 99212 56123 34119 36745 49034 80164 54120 11918 54742 36770 17701 70583 54180 37863 94767 49034 54742 
9328 20
74267 28141 7748 53820 22540 57011 17398 61504 37468 8379 26607 80047 43422 4799 93849 5807 39477 7748 17398 61504 
9642 15
78875 27497 14525 89634 40388 59548 89355 73386 63776 48428 50496 12481 21717 5964 59548 
1875 10
32098 41170 55570 93581 35936 65010 2866 30913 6913 35936 
2034 15
74904 45990 3001 84377 78387 92623 42892 14533 5361 58484 475 53352 58711 475 5361 
8603 20
80506 82383 66859 92641 88111 15077 51605 31516 77171 17393 99141 37576 32338 75883 26996 93806 49284 67950 49284 88111 
5457 19
44755 31449 35744 66555 12629 89720 39050 42465 87210 2267 11439 37520 12019 9415 28503 58357 11439 66555 87210 
483 19
28793 76401 23936 64702 6826 85773 22428 96505 82157 32841 95567 60976 55175 35897 33160 13374 31641 31983 22428 
296 18
44461 95246 32470 13780 34131 80421 62489 13112 53679 20885 9523 18247 68972 18353 5286 68972 68972 53679 
9464 17
20540 15907 14621 5588 4775 85252 36072 41493 79175 17767 40743 56677 75668 15907 44619 17767 85252 
1281 14
87446 82298 93154 10673 4507 84845 43739 98914 61425 44988 67931 90846 87848 5895 
4019 19
73502 86048 45883 22638 46896 57610 17988 77622 11158 68577 4418 97352 24748 97287 75900 93507 75900 68577 68577 
8267 14
5380 16030 86889 89131 70464 3538 39956 58405 69202 53145 21054 4126 27492 2337 
7582 20
47879 84906 47593 82778 48702 74381 77684 71537 1809 62470 57028 91952 37525 69696 16226 20934 21340 88057 29878 33158 
6603 16
14793 91856 33322 32980 33966 78897 8443 52475 72164 4878 29803 97381 55519 14793 91856 52475 
8618 12
17819 55352 43686 80547 98333 92996 59270 84943 26628 15525 13828 98333 
3932 13
40438 82149 29211 50601 80363 64017 35609 76902 59960 49927 56522 49927 59960 
466 14
98635 11606 21445 90021 7697 15295 85652 77882 14850 59371 37665 11651 14850 14850 
4271 20
49633 1111 43577 44465 11583 61454 68113 16292 12340 48279 34348 24347 20987 54256 26395 18754 71604 11583 12340 12340 
8084 19
81433 58652 17682 64680 79479 95404 83573 73681 33042 50996 33742 52687 14450 95885 57512 50996 57512 33042 50996 
306 16
41533 60065 32347 30292 5943 24605 58274 42107 60850 61543 76188 70694 11569 44603 41533 76188 
2807 12
30710 91756 19289 7525 37785 72166 17931 99562 34701 77696 88547 79974 
4068 14
46190 57186 72005 73470 64187 79609 53021 19220 93308 75385 53856 25918 48269 53021 
1511 12
61339 18635 48477 36668 7495 81653 69168 71187 25309 19323 18635 69168 
6094 20
95466 34292 63342 23926 38025 95557 67491 75071 72426 40450 60997 221 94923 72589 71778 98301 88227 71611 221 221 
8947 15
62910 72038 74907 66712 13578 69146 66683 46131 21566 60169 11808 11808 62910 13578 62910 
8257 14
14518 77094 635 95959 28828 54219 37992 51598 26322 72681 401 25429 45535 635 
4974 10
29267 80686 95654 7630 28466 35468 39384 84667 52418 80686 
6793 16
19311 5382 42097 57183 74394 79152 17817 31062 67385 33019 11329 6450 33019 11329 67385 57183 
2262 12
63783 35156 47743 12174 90974 60734 67111 37490 27852 47743 12174 63783 
4388 17
36024 5537 50184 1073 34052 12154 59041 82696 66454 57524 81015 12450 84944 91380 59041 1073 5537 
3454 19
55062 4898 52330 98346 84783 7321 65362 32422 61351 65309 19304 65984 79703 19732 68136 34871 9148 98346 84783 
7887 18
5873 93680 2103 32807 29493 81902 30759 85941 98616 65505 47988 58093 31212 76737 98616 98616 98616 81902 
7895 10
93913 98500 46408 89038 29032 58547 92025 44540 22741 98500 
5596 15
79575 61474 97407 21364 94724 27374 72802 37954 56425 78833 84875 29560 93720 5455 94724 
4808 11
54064 20702 44879 99627 66852 76613 98544 64382 97425 31140 64382 
1272 12
81749 86023 43982 40023 35562 52389 87062 70208 63294 60531 99699 70208 
7621 10
3490 74425 54070 14524 49166 83304 18660 33046 18660 14524 
4910 16
18145 6414 16659 53689 41039 93062 38662 26956 64214 99710 92535 16659 37 53152 41039 38662 
7767 14
78662 78904 89849 82714 36340 5580 15879 25806 24227 50653 30572 30572 30572 78904 
1359 20
18984 43706 15919 80642 68374 61514 84048 92916 1296 16416 90005 79517 76659 17115 57453 18195 38457 3128 92632 68374 
2762 20
98228 5100 97493 97191 51939 61888 11579 60104 41243 41582 64328 25305 64889 91667 88859 64425 79870 91667 25305 91667 
3607 14
26689 27064 29078 53176 91775 35202 56818 33124 71238 44785 57568 3480 56818 35202 
5147 16
76297 5397 62803 53547 25915 72695 98183 22453 7494 35705 4505 72544 44093 3587 11510 88450 
9539 11
68272 23735 95592 97687 80354 76444 5934 39478 90511 97687 95592 
6590 19
90657 40679 18636 8919 78056 30185 14951 91430 57556 29815 69388 73956 76762 19817 79428 79428 57556 19817 76762 
307 15
35405 85613 23382 63503 12379 76649 5756 87966 1704 54044 92154 3139 95782 46043 76649 
6576 17
29679 2405 59711 63402 16114 46173 56232 19078 27080 99596 709 76289 46173 90562 2405 50222 76289 
8799 14
24510 56455 52886 13513 19939 39620 84450 9279 94241 73659 54760 85714 13513 13513 
9036 13
61076 21421 56498 14624 38147 53811 51490 50727 14378 54499 96816 61865 61076 
1224 11
16614 61704 45202 46850 625 7351 40119 23191 56486 70091 56486 
8617 13
12078 27070 58113 62826 27336 80572 65001 24555 27336 12078 89450 65001 27070 
1493 14
32212 32687 72399 75957 59025 34497 3031 48729 82522 4557 45148 46362 32687 32687 
6224 15
34784 29991 54182 83248 29149 88865 99486 81674 56907 59495 54759 27734 88865 81674 81674 
2184 16
3248 35277 56306 13934 38195 93282 4564 94525 86864 9013 55339 36428 84164 66110 92225 42089 
6077 13
11626 43253 99449 88036 81567 14970 27411 56570 36953 56643 28609 27411 56570 
2356 18
46739 43214 98004 3678 94257 70627 69579 48769 17590 3770 94047 41467 58875 48192 1577 58875 1577 17590 
8272 9
3915 45916 12475 85408 56083 4997 37851 34970 5504 
420 10
60947 39062 68990 18393 56386 64772 15199 98506 6653 45346 
7722 14
63920 4443 78089 64252 15482 80584 67105 32334 19401 43679 9578 44387 4443 78089 
4932 16
15431 34423 75328 44907 856 83485 90686 93835 3140 30958 82402 70899 58511 30958 83485 44907 
4515 15
28007 71870 53260 84579 30733 373 53735 18122 47838 27450 43862 17589 73079 28007 27450 
1192 20
93095 3642 2495 93879 6912 24210 41635 35148 72602 97350 24015 93215 73614 46738 10881 66298 40448 57282 35148 73614 
2737 18
33748 64827 35484 25708 31512 43703 78710 87118 40330 1780 80130 78758 13839 46156 77444 43703 77444 33748 
8300 12
51039 33813 10836 62377 31408 92704 54196 15770 41532 10836 31408 54196 
5369 11
26963 89666 57895 56256 89575 56616 21846 70304 21846 56616 89575 
3305 13
88863 41869 37590 7742 89459 92192 61358 85345 97165 58035 27135 97165 88863 
9758 20
43987 92829 25650 43086 67697 99058 24296 46116 90757 45366 65149 97551 44790 1253 21526 49715 77791 43086 24296 92829 
4550 19
99066 8255 81175 47679 20036 75654 61058 24544 59736 36315 24733 72087 1788 40124 92481 91085 12180 61058 47679 
723 11
12684 95820 18058 45349 68592 33229 68950 21882 88089 18058 68950 
7265 20
76607 82343 29570 84833 21032 86199 52049 39596 56985 72612 90462 93770 31836 53659 7404 76607 52802 86199 90462 53659 
2075 17
84055 4859 39879 99139 68423 1448 24782 38228 92693 39111 41424 86288 49072 87118 49072 24782 24782 
6726 16
4437 32323 52757 95230 28196 10260 85746 7848 41187 16780 55031 87515 2193 87515 10260 7848 
9842 15
70352 75365 46210 76781 21875 54736 58365 38843 39293 63452 77661 76781 29122 11049 54736 
7598 11
48018 56686 86131 15298 53728 78946 13095 28790 33544 88293 15298 
7745 10
5370 89270 18996 78717 9933 22819 57072 1023 75916 51077 
2610 20
74761 49113 48745 30494 77032 66708 48043 52297 71113 53356 11071 4174 25060 1382 61304 65479 7820 66708 1382 1382 
5718 19
93061 31360 52377 29476 33169 25210 81412 53266 39330 28393 68563 20684 74206 60018 94581 27344 20684 60018 93423 
1429 15
75018 58104 23169 97642 39346 72743 71251 10909 3421 71970 13596 73362 24440 81769 81769 
362 13
64128 76587 55559 78923 41511 4969 82110 19898 27630 68173 48894 55559 64128 
2170 15
28255 51787 34259 78378 20597 77493 91483 77835 23881 17170 47974 17524 20597 91483 91483 
1780 14
55178 64346 27663 83714 99228 1426 26985 76771 231 64346 76771 98342 64346 26985 
1021 17
94691 61542 8356 29823 64620 62523 49743 84240 11622 95325 97662 62998 28444 23624 75056 68658 62523 
5486 16
5897 38640 13279 20528 87617 2995 96409 71079 82858 27998 39221 38640 82858 20528 38640 27998 
5437 19
10326 63416 37541 75118 62156 84137 99313 40517 46209 94845 70941 90727 29133 58359 36537 75118 63416 39244 63416 
7524 11
74958 44963 11020 44134 99934 17974 47915 47915 99934 99934 74958 
7641 14
40946 44712 13900 54733 14326 47368 63381 65976 79975 59379 65251 33979 72741 33979 
9144 20
253 64712 84552 86011 45728 29261 20550 95617 60126 74406 54637 9661 96621 3719 85839 36689 60126 86011 96621 29261 
2224 17
84004 90958 12718 50268 41920 54079 50479 21783 21346 63440 995 58266 99336 51945 43924 12718 51945 
4074 19
22232 75565 7282 99133 60749 15039 66165 87243 87003 47160 95431 95481 33235 39999 40629 87114 2184 22232 75565 
4069 10
5085 83695 96809 64633 79878 91868 8019 77527 79878 83695 
5854 14
30471 22310 76302 21681 29345 53551 4797 35309 25834 3274 34233 22310 76302 76302 
6835 20
34849 91645 19175 20814 58628 80336 19634 16479 8575 24254 3733 96916 32325 54960 31153 89216 9998 96916 34849 19634 
4323 18
26798 42161 68172 44044 99302 61204 18206 46062 79053 43434 97366 61734 91640 27154 88361 91640 18206 42161 
3266 16
2232 67907 83520 40515 71477 4005 36994 1032 49660 34539 67907 24984 62376 1032 62376 36994 
6134 19
46847 58272 3 84770 8314 21341 15130 59575 53746 20223 88845 93362 17304 72197 15983 8314 15130 20223 15130 
3202 12
85328 40329 62991 33477 78302 40153 34677 14449 91975 9868 22439 77943 
7516 20
8639 4378 91721 35605 39664 33682 25892 9207 57087 44872 82512 23092 70559 32105 45618 72832 23092 72832 9207 54684 
6847 12
1272 48260 34226 21656 61374 30637 48885 4527 89984 35523 10242 12486 
8170 10
8780 7911 17386 36171 20800 6877 71677 95853 10157 8780 
809 16
90619 25413 26797 95452 48237 44295 4519 3708 85847 91361 94062 98553 67256 82777 91772 32325 
1923 14
99277 2883 58861 33125 9757 778 85162 98448 23612 51298 45187 71859 26537 51298 
1826 18
83330 21922 64048 55687 18765 17481 9471 79766 62632 26070 20399 83776 66497 90765 38060 5968 21922 21922 
3228 17
5489 98598 37298 11824 66573 87265 59699 60131 50513 50225 13143 85346 51674 84342 89064 27784 59699 
7378 14
71674 93814 30506 62581 29140 53764 43525 28291 77012 68489 53764 30506 53764 71674 
8148 15
33056 38314 61448 78940 74372 14128 80619 77328 92203 13337 90519 65106 94396 77328 94396 
7424 19
66877 37115 99761 96478 56597 15121 21074 80275 93336 58581 35913 40705 79582 32507 99679 15121 21074 93336 40705 
6684 14
42742 30230 12985 92084 81014 4141 19113 58604 6962 30077 30077 58604 6962 12985 
1785 20
13637 75745 23466 8805 67301 72860 26014 83641 25081 4612 71438 2644 23543 28923 70753 35779 89629 3713 65211 71438 
313 12
75863 74061 98961 18073 93961 22171 23364 34033 70630 26267 73567 23364 
3321 16
43884 16965 94709 11908 36802 5650 51858 17541 45249 31806 90322 24523 40612 38590 24523 16965 
5345 19
98257 94530 89116 95436 24450 97852 15602 72349 36536 32964 13629 31374 11138 860 90912 17624 30131 97852 98257 
1735 11
96789 14248 81059 71823 70285 56016 63507 96598 80526 43115 49849 
8452 11
67459 51227 91289 46536 43594 6507 88308 61935 77762 4999 88073 
5224 15
58443 2099 38857 32278 62445 93184 50196 43444 98348 96989 71874 83369 31136 6991 93184 
3760 15
88256 8729 24970 21777 49292 14940 78382 87238 20583 54754 5004 91615 84344 5004 5004 
5245 10
38976 28448 18318 17368 42635 2017 68251 68251 2017 18318 
9591 17
40885 67101 54621 43839 49227 30186 14294 33083 36136 95630 25044 37744 17236 98317 95630 40885 43839 
8353 15
66026 33320 20142 97333 37692 42951 47077 88320 4831 24142 56004 66026 24142 20142 47077 
8842 20
61860 84610 84653 60284 60736 8830 4485 2310 73662 73764 16556 97569 57948 16674 58556 75063 8830 60736 8830 73532 
1253 11
22634 20106 42274 75473 72010 27617 40472 71805 69475 7510 92593 
258 15
40827 81465 92873 87007 58437 16986 47858 69862 58415 60625 84162 67745 90963 33800 60625 
8110 20
99527 56984 38936 54565 89872 45337 74360 13435 72146 72192 14359 94374 91336 7508 31303 94203 57256 34147 94203 38936 
8293 13
71402 17380 37854 17275 15833 91979 93954 33711 12837 27697 71402 15833 91979 
5240 12
47903 35974 1378 81745 67134 8273 76213 20532 63200 21097 35974 21097 
1574 19
79634 12155 95635 36976 48937 82845 64072 27993 13165 83151 18382 95189 27191 60513 23175 51446 69816 27191 64072 
7223 19
70266 15989 70059 18879 60703 83700 89055 67807 27721 23151 52320 99790 34182 59305 27130 95218 34182 15989 70266 
4297 19
85081 8519 71757 5924 55765 10514 7838 81533 40342 77693 40293 28652 41818 75660 50128 25838 81533 10514 7838 
6600 12
87608 20474 14604 72201 96614 53584 95278 52800 6558 4539 52762 95278 
1387 13
33690 69901 47004 33853 83555 1750 47755 87865 69293 82649 7146 1764 11485 
7362 19
20268 33847 11412 19352 90788 57354 30868 3232 21542 7678 57617 65453 44863 98195 69386 41627 7678 19352 20268 
5733 18
50965 40009 2977 39565 81994 33074 97815 35877 28516 16696 85303 42988 2977 10711 48051 33074 85303 25911 
1421 17
96596 14547 15712 1415 33034 32346 37421 49844 72947 56809 97095 61103 25072 70406 72752 16911 16911 
8400 14
936 3793 85840 95448 92691 9469 31882 84971 11125 19475 96240 85840 9469 11125 
1195 13
14934 79555 67451 61163 12925 16525 60713 34 81708 65784 9331 58034 81708 
1284 17
9653 73962 4411 10114 40470 23372 24449 86714 91858 47274 7946 91858 76152 25926 76152 25926 24449 
8459 19
69778 72677 63916 52760 44367 31948 66781 80002 31021 9787 79936 30447 56118 56118 44725 30447 52760 56118 69778 
1111 14
56794 61130 50783 97307 11913 13865 46827 24567 77265 64229 46827 70313 77265 56794 
68 13
79229 62543 35280 66584 85163 31459 8566 57548 10197 33438 66584 79229 5298 
6598 18
93894 2997 43454 32414 39829 26647 46416 27971 48369 24299 71378 54550 48821 36736 51440 46416 24299 24299 
2251 12
30305 77261 6858 25138 39002 86561 27460 42141 47827 62967 72246 11731 
8579 17
18647 3105 94163 56611 32857 86479 29781 67792 93644 58380 25061 23517 50172 59987 66400 49773 66400 
753 14
26024 79171 78204 96842 72368 62283 8671 93091 80764 1230 84519 93091 72368 72368 
9715 12
54869 88715 57383 82107 36711 50895 80875 50895 57383 50895 18413 50895 
130 11
18406 74051 83421 78198 87349 78772 92828 67453 15660 67453 87349 
1303 11
62938 61669 57796 68932 81156 10712 69822 16140 86784 38393 86784 
4727 17
88647 75751 76347 45371 56812 7812 78014 54352 98314 69787 76160 78124 63698 63698 98314 63698 75751 
1096 16
80756 45053 70906 31788 85975 64708 63651 49410 79408 11613 53776 72174 30785 76469 31788 5251 
7390 19
5640 61667 4670 54236 55874 35745 14019 18160 32183 83525 33598 35471 6378 69405 50256 915 915 93362 35471 
4089 17
10863 51237 99157 73313 28599 81364 23728 80200 90666 81364 33144 10863 56486 99157 33144 56486 81364 
268 19
67623 27501 83737 53077 1221 55432 26520 437 93039 78859 79130 40478 23276 50837 55432 83737 81467 55432 83737 
9984 20
9593 11821 29999 44706 9833 45974 77724 32827 72798 39137 34198 91754 71598 74962 9593 9833 65749 71598 21147 91754 
6903 10
23066 13381 62287 69489 13768 19931 15214 74448 13768 41251 
243 17
14463 19979 25516 43824 4157 28617 8039 48340 40821 85694 33857 66764 34016 90322 34016 67052 34016 
8951 10
9708 14094 65174 20901 42317 41158 76806 39877 6716 42317 
3995 18
9532 41186 77398 98541 26309 86451 50262 89267 83365 84043 24720 17806 88766 66268 26424 89267 26424 50498 
8962 18
44453 61174 28263 88768 39110 18117 67986 97802 26003 8814 82437 55332 27358 16147 73052 7164 28263 73052 
6181 11
5709 40325 87876 57533 80121 5611 94899 12100 57533 95423 12100 
428 11
70490 51815 57126 53465 59948 53124 7788 17920 15024 57072 32829 
7673 16
33619 64448 86700 6644 82362 79896 41965 85973 52006 63693 94684 3346 94213 50561 85973 6644 
