39
0 278
89603 83832 8930 37925 70381 25685 15755 41469 32267 37940 20438 39492 29655 9069 18088 84835 69055 86636 46257 11917 59278 63214 30769 80118 11006 71844 67516 6600 4290 33315 8024 18369 39635 84948 2500 73153 17880 65211 40929 48946 52090 34505 31074 39752 29026 9591 42126 9027 35444 12286 74784 28683 93442 62989 92963 35661 62436 4476 31819 12261 74650 5683 35512 85336 6973 43297 41328 27615 51722 85964 72715 87833 93817 53602 28322 64075 8674 56286 92397 2407 96284 35319 95567 3342 44402 80909 60944 4213 32237 23954 99650 36490 78361 89805 71630 50618 10284 72752 29259 17643 80160 74370 81797 14769 90797 85867 86342 63263 30475 92730 5610 75179 37116 2885 4328 86242 1970 89497 43658 54810 94267 96613 71846 86227 21671 55913 85925 28604 38183 89610 26092 73947 45572 35107 61524 6093 38677 693 10108 13782 62548 43162 41289 38494 7481 22599 56984 86413 34541 40061 5325 97495 1734 48814 2926 46583 56271 50317 34373 65316 64658 80191 45717 93078 85368 76166 96897 81264 31470 99630 93968 4374 40455 28809 85809 54534 37903 35197 67732 36651 92380 89917 23462 34352 24867 86920 88953 14100 37567 8602 23922 50047 50394 82252 30623 34608 7563 35983 52906 18877 77895 49247 38880 42729 59126 97566 74214 62860 18709 64691 71381 20380 43074 52440 9441 12749 37367 52583 35661 20380 49538 43658 96727 3951 4213 84991 25685 34505 77763 43297 25685 97566 78361 29628 83315 96284 76197 26528 75985 7072 2407 52050 41328 5683 80354 73775 89805 82801 2500 55913 3951 44402 52050 74214 17880 79038 48946 9069 81433 41060 83832 80118 21671 23922 35661 98726 99567 10108 74650 1734 2407 87332 40455 72752 25685 29655 91648 4213 
128 34
63712 27608 10027 96905 46690 34782 43697 69580 85790 43142 69293 24459 29546 46563 9903 70364 98309 80545 57971 41710 14272 20141 19894 85728 5877 28901 81039 203 25136 4410 86717 97804 3804 42808 
7 160
98533 14661 77021 31801 50642 89295 58708 96460 44752 70769 91396 49559 88716 21637 26369 6381 4625 4759 49231 45419 38237 52899 43103 70050 911 90064 26576 73471 86948 11803 87916 83629 79108 67809 80513 2595 85854 41371 56691 47904 95150 95101 30436 10684 8404 80522 65072 7276 36173 92979 44113 61185 42857 95025 75688 70343 86538 82057 51238 66005 37174 73285 20 99321 36827 53235 51594 29958 25556 82477 70880 4178 5438 11081 18983 20852 80887 37375 13721 75210 55805 48248 56231 51537 18730 64488 24486 20035 23873 33086 93536 84630 88170 11578 41620 92947 598 65095 24103 4698 92566 40956 33118 23995 15829 12230 56089 10810 31007 5948 53571 28078 22124 49120 35358 53956 71328 26369 70857 56231 92753 95150 80522 81962 41620 38007 88716 92566 67583 41423 56089 93536 53956 82477 57380 99321 4625 7992 26369 56691 30436 83629 84630 66005 14661 79108 3684 71728 71728 47706 30436 80513 3684 11803 31801 36827 80522 97823 96460 21067 
522 118
87132 7024 93531 43143 3799 49112 99781 39384 35116 86462 45985 2358 59115 91967 51801 30067 6754 1981 4044 52814 77773 57157 2569 30872 38116 75983 28260 67560 44119 2148 76041 61832 69191 17745 32235 79749 62292 6163 39102 7266 6721 3985 74679 40803 41259 85627 38819 95304 49150 80948 76640 15517 4750 64845 74162 3786 20709 7064 16886 10387 10234 39229 97548 32681 64711 5402 60260 24347 6960 78701 92033 38075 55260 44463 95692 74497 73873 36151 8472 15607 42222 82844 85924 16576 25344 36901 65108 70864 65770 8430 2951 85590 27316 31988 81510 42155 30539 17077 55236 56694 93287 86822 95642 6133 12124 24333 40457 7266 24347 63713 3902 42222 61675 83033 56659 83320 81440 79791 
139 248
74072 3845 9829 32657 62407 60389 92098 48818 56032 67476 72331 23195 20926 62401 68549 46749 23793 62184 57490 49859 86183 63336 99283 96954 57584 15632 21518 68685 59483 86198 66618 12003 41353 58519 65441 54483 66955 91884 59196 17348 10860 71653 34899 59268 76404 99083 64773 95077 7744 4776 10760 50030 93930 16793 60035 27400 65231 97821 59654 17653 20893 56870 80715 87308 59292 23671 45920 8453 81056 46612 32869 77050 49624 3815 52357 63054 83849 89175 42644 60225 51293 99099 23101 81742 93056 92398 78655 90608 48790 42896 63463 23723 71346 59408 13744 61045 68240 14776 9731 32802 68749 60232 71463 48799 77136 47741 36357 67027 81670 51790 86941 79201 34669 9785 61314 70710 65018 62312 78652 56299 30910 74354 74003 58370 96118 19590 32630 99377 6352 24688 90860 9758 77522 8387 50007 4149 19188 62845 52702 16180 50635 92323 30783 51574 17021 74089 44996 90978 55925 85316 98143 72437 10003 11244 87406 11438 67837 52894 85350 65830 11136 4588 9948 51647 20383 52151 92004 21856 65251 37157 665 70794 70824 33265 4588 8387 83247 38726 87406 55668 27261 42896 29310 49347 32183 43520 4262 31820 26946 9438 33846 2843 21730 94940 86439 95153 80715 11264 24471 51574 74406 31027 47189 77050 88524 94940 4348 36826 32869 59 4149 3812 92372 1732 74072 22853 17951 83849 55668 51828 64511 45099 18168 33597 59654 48790 3432 55085 90860 18901 10860 94045 74003 29500 7837 3432 13074 11837 75320 48818 96540 26147 66662 58739 88525 17951 34899 85128 
913 151
55080 16270 54086 4243 26822 15438 2364 71784 45263 71863 16907 96085 246 79839 80759 27014 19730 59381 85621 27691 20426 56003 76551 99066 52471 36819 16054 77707 95860 1213 25271 64145 49251 8793 73784 92082 81094 69022 12195 64392 23160 5015 14228 3838 31881 76024 96408 88698 70474 56538 18143 93830 4692 34453 10082 77767 96668 90897 14141 1961 5452 52966 58535 73593 31969 6427 27601 85408 60251 98082 99670 17735 67297 55532 80016 26088 16543 25330 25360 40661 13150 23649 44261 7556 39354 46811 98870 5221 87348 80949 91739 26872 53151 12644 98068 63594 21110 96980 34625 91352 92361 44006 76115 54079 16010 10135 91940 36637 41418 50967 71875 78023 94273 77429 25598 66807 35873 48498 38381 58669 45279 19370 75262 81346 14537 52966 30667 57385 43769 95893 31600 78580 59326 92333 89870 86465 43656 41590 5938 8793 7768 77707 54461 94136 74242 44006 7768 91940 32594 79116 73823 
401 9
30720 47201 67194 43491 86237 30824 38516 63239 95904 
156 105
97404 73791 95293 58405 71984 21215 75935 47396 58578 82917 20879 16458 60694 61573 97797 84133 83901 13331 49278 34684 96733 1283 20288 17212 45583 50345 27479 86505 27038 47269 41290 53945 72330 31098 99490 93892 34059 22200 8981 42697 48153 81454 84564 56451 13762 74604 43968 66875 80854 21466 59461 32499 61049 82021 23444 36757 3192 19308 46042 99936 29639 49840 59785 55102 64498 87477 76310 33030 44048 58804 33341 33688 96429 15824 77245 76632 85815 79738 79540 87501 75919 9232 56676 69544 50524 9532 4236 43121 9532 59785 20288 34684 33341 84133 39546 88170 33688 56676 39546 45308 15935 47396 44048 93892 47396 
797 392
11709 15828 53927 32653 87198 5112 64515 70103 81730 16609 51143 10947 8435 82153 99685 88563 82377 42181 4380 23057 55647 55281 73841 92409 64509 92846 84680 17963 12465 48827 22074 30876 43105 79284 91045 27606 46611 35014 12380 59498 93740 33190 36206 17770 22785 47946 56897 66080 71589 52629 69814 69978 88412 99826 67232 73137 55690 26725 20984 30478 53123 53683 37575 79446 18189 35849 79640 10509 76994 14347 55986 61476 65382 34642 72211 87908 32867 53221 62598 16904 25661 8536 84406 57964 84436 86499 59220 74259 34325 83357 39864 3140 12883 2314 38627 70534 59467 84262 11378 93366 21121 64461 96442 1814 60114 58388 63635 65553 46301 36916 2229 19627 8085 28518 70845 62690 58373 29670 83351 80735 11940 82178 6606 80799 93181 11491 49273 85220 62867 54499 4790 77342 19546 59772 74434 72416 87796 30669 66556 98141 32033 7168 38832 42689 95985 72974 29298 59493 5382 70313 18299 27927 54380 5195 31399 90540 34841 44207 50849 38515 88290 92226 11564 53514 74556 28223 49216 33545 97818 19900 38228 11498 98629 44063 58627 36072 75316 37545 89529 86524 17071 53676 77551 60852 64496 3288 3531 20588 47218 56535 82115 17610 24794 14815 90715 48744 83333 75429 31813 93623 80423 36515 84291 38286 9534 47578 71606 97040 71670 6586 94479 80670 71206 21282 21293 41939 98685 49006 38048 41722 96842 10903 10982 70008 69989 25887 23577 55607 96229 76466 71383 88549 13587 68786 63045 22800 6090 84917 91065 61625 38827 38961 61789 46216 56027 97191 64978 35964 86001 51265 62511 65621 57332 55235 55082 59231 95050 31379 96572 73280 55348 10099 19293 26379 7072 1776 5169 37674 35017 3211 65649 16068 97952 28857 49552 1810 62701 67948 34083 4886 37555 94233 42751 25285 75169 91304 91517 20849 58874 14216 96100 98312 61820 21526 56030 7649 19142 51945 34111 10527 24151 35516 67576 62097 27099 16294 45155 90255 55082 16446 53514 6090 17436 79446 96100 98312 20984 32165 12380 72974 18299 76088 37575 59190 93037 72570 42379 13885 39143 38098 93461 42971 95050 61820 17963 18189 3928 78625 35014 76247 20984 67948 57332 82811 64461 47310 50849 37555 27692 10786 18799 67584 94566 32796 55607 16096 62951 76162 39864 2010 56677 27999 9764 58627 60557 49273 21033 85220 97983 89234 82238 60852 65449 79306 92205 80582 19423 81662 48827 826 74556 91019 58646 28188 57436 8435 89234 59963 30164 58388 14347 96229 
287 166
26629 89127 34122 84825 81634 33884 25337 42522 55543 94809 95022 20135 93572 18581 62664 72011 83291 39010 72192 16276 49562 98526 16048 27209 36739 85954 34587 23075 41916 7472 70709 12745 87293 66969 12604 67967 96943 47019 6755 13852 48013 64936 88198 80567 37025 36084 45401 73851 45312 39026 10236 7926 99468 91900 52354 15649 24432 52848 12241 45968 28947 85783 9076 15777 84382 57540 6939 98323 46675 29831 97557 78433 32526 53044 66163 69041 77922 87116 36881 80781 29597 82912 1009 17174 64273 62117 53749 53913 3144 70236 24774 97528 53164 89488 68065 27473 74513 13107 79241 47021 73621 86459 9965 65462 55734 38658 52154 15381 83956 74733 55134 26991 53116 79618 49061 71578 26629 40683 62664 83203 37452 29838 45536 15777 36084 76442 27473 12604 17174 27209 92277 73621 41916 34587 99760 30562 87116 97529 51989 88539 65462 45712 53116 39026 93572 45419 70709 81634 37452 85783 86459 33655 45536 80567 55134 59372 99468 45536 78433 15777 83291 74513 36739 65462 32526 34587 
806 114
6481 12416 9759 34554 6411 38239 45217 27285 28892 59824 57787 668 83946 36922 87067 46303 74095 62562 95571 11710 52191 26096 27973 40752 67486 62590 68921 69736 33008 32463 98384 52660 29813 75388 34826 76173 30326 30752 68425 51892 91532 49493 297 98742 3224 52514 42737 68862 24726 77877 47088 1334 63279 6388 70527 78099 20931 43363 41558 6209 4191 13647 29946 39361 75532 44926 80922 99269 69893 52387 15480 7874 91410 49524 56902 16968 22477 62677 42870 29157 62186 81180 28523 51330 34833 64998 280 26682 18789 47077 78099 1334 91410 16595 36954 14064 14782 9931 80657 1334 7167 27198 46583 39361 65612 18789 50343 75324 11585 20931 97688 98742 39069 7874 
680 273
46608 31897 29830 76997 78549 19870 93267 84820 65928 75537 67314 13454 8805 88518 56360 95847 61373 23572 43803 57075 30767 5476 22399 72387 20788 16326 25460 95698 84448 59400 84591 44376 87850 47848 24788 66378 29886 69294 50132 34633 1945 69620 48772 21384 12710 74861 29271 61148 9702 85479 7433 61627 23905 44404 53947 91650 62819 87363 77362 51297 60218 66202 25512 84538 75336 67364 29097 32771 79949 66943 87327 17100 64644 67892 96491 96625 65874 63673 86927 23226 70557 9405 96619 24082 413 82791 94156 30930 61155 38027 1748 37725 32197 21811 42591 78964 48347 41997 30662 83715 68608 60819 1248 33491 5318 50235 67584 10476 80026 85995 96894 75258 23853 2498 42249 66307 58963 9565 4931 3066 96413 15721 48043 62929 94025 41738 32144 26250 69956 61771 29954 10508 65445 21903 31531 70756 29262 91615 58378 78560 18144 66795 53101 99494 66201 17065 77858 25967 23785 1413 48512 90596 79133 62872 51671 30793 44076 62076 63866 73767 61859 62072 82639 38616 99036 40223 24560 28294 72347 22815 2984 48936 46424 35089 63822 67264 70512 42418 89304 37675 26029 67930 61976 33516 50077 23690 33501 15669 94141 34955 43985 28437 14377 96706 44826 52436 46665 27145 36503 34010 38080 31730 47159 75541 76558 57153 93628 54022 20770 53305 9288 54565 86972 63269 59476 53388 60272 62398 31906 48772 72264 96706 9405 30930 75827 20788 62398 37725 65928 36503 79133 26036 99036 6225 39848 42418 33516 41738 87363 52179 38616 63673 77362 47159 24560 31531 77632 32197 63809 83715 17065 26036 72347 62819 23226 26029 20770 16326 51297 9851 34955 30767 13454 40223 91650 9851 3066 29830 53305 49189 17252 70756 7433 
171 180
77658 83855 1243 28373 32328 57238 13794 87393 9358 47293 34044 62673 75134 24627 70496 35760 52698 35622 71326 6410 24874 75920 26373 11004 26956 59857 91887 31501 46114 91457 3377 99661 77076 99340 71197 11645 24027 25907 73530 42236 45757 9418 58001 10308 49757 97727 22825 62640 98112 61620 4463 38179 83309 83350 42922 40523 83967 61303 91771 66412 52554 16780 50581 70831 93921 59660 15752 26998 14594 2869 1094 21542 19030 79510 57923 81207 95656 63264 99028 4119 15088 45081 89213 23696 6007 43591 49788 32341 80943 21645 55350 91472 3949 62343 23369 8132 25530 22122 17671 97428 34183 22022 99144 48356 89218 99855 41304 72340 3354 21799 58063 13476 49344 48769 66197 4648 69288 68249 83782 79525 39382 77609 86654 62585 46824 96648 83410 86194 55048 27828 46821 49850 11913 7428 94826 29083 97364 25645 46114 93868 7739 34682 3579 11179 11133 74479 99331 12759 92901 49246 39254 96100 78067 58184 23095 77226 54678 49757 45529 33420 57559 16260 40636 42393 20341 62640 75920 33057 4061 26564 17233 14703 6450 92333 67955 37107 27312 95 96100 15684 
556 144
5658 15499 89243 16261 87244 70104 36426 9969 66513 60178 60159 53175 53339 60089 23548 72595 38042 53422 33968 82945 31237 23942 74592 41736 30618 39588 37645 57846 47658 82113 21814 2592 69388 83456 7403 16552 10841 72962 23728 46818 38895 66657 26606 9500 27272 13985 89721 49749 92940 85364 86739 68975 20101 41105 97589 23345 87203 11461 9017 70255 72901 93147 49371 31588 16059 74087 83334 65491 99876 70649 70347 79294 30711 91815 24821 35537 59778 78066 47079 36808 93039 43013 90236 4365 66784 55643 70256 90136 51839 87950 89161 35361 26746 34763 72000 62140 25629 38669 94215 828 11718 41962 96133 29976 44276 3508 13136 30603 51839 45702 76613 76144 21637 60526 57640 12241 12425 97665 74711 85413 28007 99299 9928 79654 70079 54362 65854 98340 27625 60286 97709 89445 12811 73545 47427 76665 18619 88705 55776 20099 30069 70079 70307 51336 
557 400
89018 94874 69400 90393 12243 38319 70988 44467 97405 55074 33 1883 10883 90872 79103 65775 12128 90338 51334 13216 89348 45721 1996 81357 41800 71793 12173 6743 17761 38754 24664 74488 47575 91426 45800 89012 56448 22972 61516 36274 4195 79961 51343 39727 54785 67583 44657 372 33090 13857 42931 19579 55294 1920 54596 42901 8561 39291 71321 46456 12146 36234 97210 79970 97502 11156 55190 81607 29735 56450 66351 31828 430 92259 80168 32311 11597 93055 70391 74144 1656 47048 47997 92293 11546 93594 19320 91497 13000 87297 55035 26234 1145 2961 7274 77269 43057 59629 13528 42687 30615 7981 12885 79419 7193 18637 75413 675 61834 74740 97677 2757 46231 32616 91372 74662 98275 23014 26292 91436 39381 94190 33774 83385 43006 39526 18092 590 90378 82242 86372 75926 41403 30019 38136 73889 986 94546 86574 64153 56121 44920 37027 74828 7751 6208 11455 61066 74368 42398 24951 80101 96498 68276 29500 65581 59968 92132 44073 64823 31048 95059 51566 58537 70377 20613 1429 88541 34109 31220 26167 64102 96162 27408 83911 56060 21305 77715 92511 72400 73551 14242 23638 44418 23802 38939 76904 82443 13495 72606 78309 70386 24449 19232 62444 5385 26195 67774 12299 76785 46247 7718 33977 74337 93014 26035 60673 98687 20952 16714 54649 43052 48938 69292 84593 99517 78535 47656 22870 34710 23034 28677 39461 33409 48595 86530 97974 77754 20269 3084 12431 88246 4344 59445 68994 52131 63283 70642 13523 60963 7267 12361 65414 26855 43991 48170 80364 85462 6886 77801 14313 25297 47991 48338 63109 2431 32888 96795 89432 18888 24150 88289 65442 68854 7508 89496 55071 43821 93462 93492 65970 32056 14292 14030 87157 3121 17947 88581 84362 27041 13279 71756 98837 63918 84807 27426 856 23846 46031 49175 16913 81661 14846 24078 13011 13041 6953 49141 65485 84558 78817 15695 47998 13445 29300 63493 420 9816 30645 35971 85399 62686 75360 23925 27891 17505 7668 51781 92781 43809 82443 58054 56342 79314 420 45800 15488 68276 19369 6256 372 29617 13451 26234 8561 42398 19579 89018 13000 29500 27717 84704 84807 90885 23660 13523 27408 64102 92132 12885 26096 61066 52131 32888 94102 17761 76746 3318 51378 43821 59968 86530 58401 79314 11156 48164 5385 16913 51334 39581 58537 62444 89496 84807 67583 1429 79961 43057 77715 675 14332 36280 29617 3485 52242 39727 14292 1145 6208 42901 7274 64102 17505 7718 91436 55671 96795 51378 76000 72606 
51 91
69085 40284 14731 35784 40863 2189 35273 35284 74722 76804 43605 33215 21248 76219 43827 14481 58404 41758 55101 9426 33495 95156 14737 54224 72141 11542 80992 12372 66775 73402 72139 40090 52828 54989 2915 93754 75452 95717 92660 10619 263 31329 25963 28430 47028 6794 52097 70657 97687 37641 83955 87446 49915 4221 8157 9349 82963 92438 79304 52630 6218 91242 29623 47608 4358 13066 10974 29400 77012 15968 31525 39376 36286 53737 57671 5750 83027 23196 92438 49915 23409 6165 50645 74714 18147 57413 46293 67713 68821 42386 52097 
179 72
26599 23389 95204 5670 78767 1179 60007 10639 73350 70693 65580 15984 75070 37763 10009 76113 17249 82789 2348 43191 23884 67141 34951 88053 12377 88973 25030 91336 73785 87294 70569 5153 94366 69090 51733 73190 56944 61344 15910 69408 55259 75837 14614 40537 52409 92475 37153 29241 59223 88297 67426 46570 5153 99868 12377 52409 19214 6492 75711 1749 43597 31252 76242 1179 16352 91336 10639 72448 9295 61312 30418 3026 
59 140
55239 12453 90454 35285 9624 56791 42163 15246 54605 52266 55970 86389 89439 28029 914 4618 94829 89350 77491 58744 48377 37523 67101 414 9963 2519 89774 73830 46913 39984 11445 89655 44316 69952 1411 86345 64739 52073 98387 19841 56154 48425 97640 69071 72300 87814 45892 48295 19543 8555 49204 28177 6650 42118 56052 52027 2872 46054 80166 15329 5369 9013 59420 40083 35030 85377 73731 9622 68133 1367 65487 57317 2093 51655 81599 1644 80609 27186 19397 42125 96830 58271 92364 89248 68804 10889 73532 95438 6281 92322 42049 11694 93182 17659 25620 12554 46038 90170 23008 70563 60854 56537 81021 27717 56216 49489 99392 1624 18338 77539 16593 58598 97038 39698 46863 51777 51231 91134 11895 15129 33925 76907 95073 6165 60608 53681 9750 87439 41800 59309 49196 30088 56730 90601 61121 10308 70754 42977 97464 87310 
187 56
80158 52532 70939 85101 72891 69992 42856 96982 68473 84936 50066 54705 41963 39549 26939 28812 48292 5925 61441 23244 99044 10223 54759 48765 13846 36129 40016 14781 19132 96669 11818 45336 46873 45049 86639 9877 22947 16923 56050 8106 87591 53824 44424 16515 28812 54759 16515 48292 41963 12928 28629 8299 43050 41963 82332 56806 
62 352
42949 60085 92358 23167 51549 58733 35897 41406 79737 39388 81259 96134 90442 55112 40614 13831 37755 15596 54608 86985 58282 20511 76027 20130 42379 69277 38234 74899 81589 49772 976 10342 82781 44663 5338 25752 17914 62046 26884 54123 21831 9972 83952 34243 96588 12929 54934 90728 79295 25143 37758 90964 1826 67915 36872 10426 69250 34697 45715 61510 93278 72004 43648 47371 9174 32264 91009 66619 81475 1162 19692 80979 74946 10307 69235 53736 64620 24637 2022 1528 17225 75672 39568 90207 7778 60801 89826 5098 81522 20033 21536 35264 93351 21155 34012 22945 8904 44862 10339 97717 95382 5739 60859 1452 54980 49209 29446 25491 24112 78444 70581 4162 80294 57990 6282 84394 32784 27305 19169 97756 4469 71990 11836 83617 34694 78613 53505 45320 27750 31948 90906 77455 49712 3562 64983 48090 47432 28278 17271 78113 31780 70324 83443 38945 19208 89782 26507 28981 40395 79560 28144 92709 81470 68008 67167 31216 45774 28802 81934 24930 72206 22729 58512 77091 62148 63146 12437 46679 26927 5687 49819 39878 83224 46732 41100 52365 78179 23400 42405 47816 7882 89029 49521 52537 43548 14370 74005 37262 8480 17218 4272 7520 90032 98538 43631 53442 85685 15062 68396 54287 55158 5315 6332 73109 35338 33077 17970 4295 36598 11460 13885 57259 81066 65433 62398 82569 37260 21133 65052 91322 45696 39723 64256 45479 89166 58396 39021 19179 70868 68850 89892 95154 32111 76030 32141 25791 67905 83206 63364 25361 22645 28714 85673 85441 18724 33708 21438 42431 98026 42248 55165 17364 30038 98605 6859 12794 38608 69570 19544 99350 23827 72597 25221 7487 52187 84703 45748 63329 46125 35728 42321 3758 1759 45763 45561 68125 93278 26927 69848 3758 65309 1009 42949 46732 54461 7487 71990 27988 81475 25810 8480 33706 6188 69217 45863 76841 17271 62176 84703 24112 47371 17970 44663 57259 75908 64620 17225 39723 75685 55158 97756 30631 5604 34125 26884 30327 37703 52028 70324 5739 1826 11460 5338 1452 79737 94830 47816 38606 79560 66872 10307 43631 42949 30038 54664 24808 98538 74946 1009 34697 69570 5796 31780 46732 30327 90442 15596 39793 45383 45863 67033 4162 
326 78
94378 13869 57931 2549 40676 55977 3854 3522 29860 23851 36536 90228 7750 52855 68803 87120 58219 97970 85185 15254 5081 6016 92602 32418 10946 37284 84941 8309 24549 64996 10919 63789 82570 84 65905 63887 78209 62120 79925 60543 26331 35514 13889 38799 91950 66442 8246 2371 23986 70872 33020 84481 7725 95516 69638 90363 44347 62818 77480 39709 54827 73193 10655 46349 65905 78007 12127 79995 89081 69947 35514 57090 12407 7776 38425 94216 2593 95699 
454 4
118 9944 9559 4536 
457 244
63807 90522 2848 73184 44749 45728 39947 71977 60380 20318 71745 20348 52804 98722 21802 59173 37914 94586 5175 96649 13745 83953 25006 49584 8943 64227 83666 57279 83483 56764 37378 48609 96355 73325 71056 85980 21162 37857 86791 67648 22156 57737 55932 99357 55319 73734 86949 23099 8071 7903 77898 41357 8882 35567 96488 6815 94440 57735 13767 8367 55466 76770 11196 35497 67953 54308 27425 6413 71538 51513 56805 43403 43537 20556 35625 56058 4795 42820 78950 99181 94621 16965 73662 47384 65933 42592 44802 84161 76249 58649 24388 92597 10858 63826 91218 88474 94379 36602 88295 42022 5451 34263 64305 88759 62432 27334 38614 97378 76975 38595 80283 7959 55601 61506 43529 34178 13166 83112 54424 8487 61521 36230 33846 95480 86914 41007 95731 29148 51480 5920 32471 70679 85603 99884 61766 48053 30947 75060 5518 94865 94663 4673 11576 48132 45737 49392 83500 20700 18584 47023 6576 19706 47285 97535 14814 75062 98152 69217 26924 49218 98478 8177 86500 2560 15302 89067 40444 56403 65081 10040 79422 13374 16786 33347 57861 54853 95262 66084 31240 42788 96122 84659 20043 41066 58464 97689 6271 87467 15588 65469 38978 52212 6111 351 41639 29993 43374 80283 5451 43993 29463 50202 88474 5518 60711 34263 47919 66228 43541 76249 56403 28442 44802 69736 62456 8487 84161 8367 22339 95731 24898 91112 77704 14012 33887 14814 42592 7868 25344 62043 63563 66721 76770 15766 77629 38729 10191 43537 72854 49218 80283 52212 58344 65933 
203 292
97039 45702 10887 90955 6717 65492 11602 61407 62667 68340 1885 16790 75699 89080 1223 31953 92716 95811 76627 7641 68666 95643 49444 79718 53623 16918 68479 32006 54864 70135 48286 2409 16933 76172 66312 46945 15390 47188 73660 92367 15805 37875 31872 9683 97308 49364 59426 38365 36481 51405 64554 9415 73931 71864 65593 10424 94013 65444 59703 92129 39278 6803 98528 9068 35070 18360 59573 10175 73312 50039 6071 97534 96361 58773 21855 86748 31064 1654 13424 66234 81158 29570 54043 15050 73814 89358 99016 98754 50171 2478 49809 20070 44494 99218 21251 58701 62386 31556 60502 25979 33406 33125 97739 28955 6242 55487 71069 47911 22194 33821 85906 66752 87185 98946 87349 46708 41393 52360 63938 712 57256 89267 64585 41574 24340 81340 73417 88109 69149 92239 28885 34869 103 74228 47211 20379 85176 27776 6502 2436 16141 86581 38383 8565 82447 1106 83337 15581 36672 21699 10315 78341 72551 55688 85719 57101 8750 52388 10660 74369 36519 89853 43393 40870 44806 86232 36834 77109 46309 25035 30114 80985 33273 7178 67019 18230 97651 78399 81688 89055 16414 94362 75817 3127 14620 2167 21142 83378 31615 26562 16078 95993 15929 45758 70204 63522 72997 15616 21502 2561 24993 17545 68056 24691 83174 11142 44877 58369 38408 4341 62922 64084 43711 38987 89024 20532 84786 30907 89107 52081 44535 70458 51517 78068 28651 38230 52679 75769 7198 12445 46636 60453 49514 2024 55683 33821 48108 72997 67259 41285 80128 54376 93707 25603 83378 72635 90955 58130 3563 61172 95970 29767 66399 40031 12484 89046 61693 76289 82885 62543 5637 88540 35380 35963 9221 9060 60745 47586 33719 2016 85719 49444 5820 19761 712 54757 712 48155 81688 488 15581 9221 1460 14307 62870 20992 15445 15824 71477 59799 40170 66700 
843 81
51253 52741 50095 48369 71544 33509 81719 60143 82239 36938 98176 61829 94200 27498 74399 27364 76560 42401 70327 79110 1039 38623 38604 88215 62543 63735 77048 24242 99791 7347 82832 2440 13133 44995 18695 10566 61803 16188 1119 96335 96829 66063 27941 68997 55565 45979 56112 48700 99503 76373 35896 16589 17983 49786 13622 64542 81682 11336 85510 9150 59972 94705 85398 56990 38156 18464 68712 17983 56060 69016 94200 50393 97262 36487 49786 25590 68215 82303 71037 5557 3390 
846 71
13489 97212 96767 7367 50539 55043 81509 65304 74651 31809 83734 85682 93505 94765 48126 83677 81442 53901 37355 2098 70676 25499 10064 89668 3991 6552 60757 88257 15863 4741 92036 85750 55948 90565 29634 99774 93275 43496 41052 20283 18852 68706 75407 12032 39667 60215 82730 78200 27259 23821 18040 9983 32574 60049 47373 95304 74359 62651 53699 1054 75976 50306 19863 94168 73562 98341 52235 52392 33797 27259 61644 
591 187
31668 80438 23147 88059 315 30570 92331 35272 52195 23790 44485 88355 25708 52061 48055 17419 89705 58703 13211 60378 16702 97849 31528 51823 7583 13488 5516 25762 88181 65121 41927 78319 7206 16419 79313 48341 9075 11389 73210 81033 81325 8258 13901 66652 83971 92728 26620 75786 98480 85152 23163 41832 20215 3243 75548 73055 57769 91877 95734 61405 83573 89478 38032 12771 99883 98212 25288 48782 87094 9176 50815 55879 46939 3929 57050 74563 16816 80689 46398 140 69948 99990 4521 57970 21246 39642 1113 39523 89085 15999 59671 93466 6084 43623 53415 89643 44151 21274 7561 39998 36777 92274 8500 90286 41905 26709 24265 16689 21402 32297 98237 82110 27465 77831 32186 90729 94665 65681 21475 13503 7415 34070 2449 3107 3533 82711 13412 13497 87409 32772 86349 55462 40255 98836 49206 14549 25418 72719 76800 91373 83431 75197 35225 6705 40189 90630 33309 34999 30644 57113 6680 76390 88317 29993 96109 4581 93466 6084 8689 85022 6250 82110 15592 98480 81541 1754 9176 30754 7754 85234 5516 48341 41393 62287 67465 4659 59958 59958 40168 47608 89643 62865 73678 65681 83971 90729 92274 
988 78
57522 46355 71789 80842 86515 97616 9838 28977 32517 63915 84412 32734 80125 19051 55309 18670 91473 60150 33580 63324 39176 31085 577 3589 73282 47602 66671 78557 67288 69389 40088 33915 92260 76608 61984 54225 6532 52401 87803 20190 32775 97123 74048 66540 28486 20548 43406 46576 60312 22066 5222 66251 73823 91625 57364 50876 67680 78844 28059 44778 93830 79946 611 26059 10770 43753 8766 98916 66417 76518 60802 1052 92238 73594 13076 40336 21513 13749 
476 38
75350 85670 1496 78039 77652 60823 96983 21206 71335 57724 80765 58233 48011 18725 38652 45798 68967 96378 52078 21600 56063 40034 24080 97013 79475 73121 12526 75005 92255 71668 78511 45342 60963 22393 73806 25287 11708 12245 
736 195
10362 20416 92542 46354 64690 68656 72281 9615 88902 86103 7295 5228 91018 87587 58147 86518 75298 43919 49492 92779 61687 90499 95201 68318 42193 75513 9222 92025 53720 13920 45486 9267 10631 59514 15606 57488 20936 66473 58075 52032 44079 17420 94318 14150 90506 82272 24843 51181 45653 56473 42081 57120 47441 26380 23981 82300 40097 3616 92982 38707 48518 92265 26710 82043 16769 92684 38701 50249 19098 11171 76132 88593 98202 52557 76645 83974 64569 30308 19873 6848 78316 76443 85675 83444 62779 49030 54886 60246 25772 97949 69691 83321 5269 67950 21549 19763 32437 16930 3102 12419 33248 9788 53573 53980 11736 93620 64363 69853 92368 69289 99910 87547 72280 51402 98618 49201 94301 70628 87977 97684 79935 5459 64185 80582 395 20992 36342 3194 78930 36921 26797 21452 21056 49457 44965 7041 15630 21778 95264 41538 4908 97993 50251 9670 7835 90145 96088 70628 98083 84270 20670 88056 62011 50990 73961 77253 92982 62618 76132 80582 14244 89355 40717 24965 80982 53720 87936 61054 36921 49438 73384 52512 84270 67029 8682 48686 90505 88956 88956 12259 7979 37709 29755 61903 42394 19873 32168 18539 48457 5102 40551 18539 62939 75886 76132 
739 280
9856 2329 57400 26649 94899 10948 83600 3189 98718 56504 1395 23891 69040 52943 20864 6363 59495 80488 13158 22390 96332 18316 71369 78826 44729 47928 25324 78445 20832 45821 27978 22548 37666 77208 65477 27231 19704 8039 76180 59287 18957 34094 64696 73464 98210 25654 55453 13859 18804 49078 25835 26048 19832 88650 10055 55843 43752 9753 85702 68334 77760 57016 66693 65654 60650 10728 26912 57525 55392 72924 16963 55507 83318 56401 39380 35112 38999 4159 42337 87269 81839 52978 52727 62008 82788 50362 10524 87946 61638 91250 58443 36613 10092 97668 17372 35600 50950 27445 97885 50252 23603 59569 13266 7970 38195 32484 10818 37563 41084 95629 84409 87638 709 50399 36488 7706 7553 40009 2287 66743 43926 2661 20174 88888 61843 74798 78289 55150 47238 50912 51319 90544 62237 88922 89001 82968 34677 70777 4205 98763 63676 50457 93748 38004 24796 37500 90261 59753 25675 10257 86419 63225 47988 91577 80406 32044 58942 64055 9410 84929 6596 36821 76221 18657 39680 2743 52597 1364 75295 23172 58151 97103 37513 3301 64520 39248 26406 37424 21846 88623 48427 46226 15590 54583 68471 35470 80581 13879 83478 95026 72673 5956 26272 89215 10328 81224 25278 78410 75966 24307 24714 27828 3340 95999 32907 61902 92012 80287 20084 25197 4611 92157 9698 97121 30617 34455 94460 94703 83057 6331 639 26364 64199 95629 84198 64761 10818 35470 57400 98727 55507 97121 10818 3189 32044 39092 71369 10948 30617 88922 89751 4611 32907 1364 93504 24796 18657 6331 23603 19832 72214 4083 58942 80406 37749 72214 6926 88922 20174 27445 50950 61746 57016 88333 57525 64761 39092 34677 98727 56833 55843 94460 26048 75316 38004 97103 86419 2329 83057 83600 
228 120
99675 74346 5843 25480 6684 23850 11218 51231 86703 85609 74570 68018 44626 97156 2819 44903 71484 34334 74594 66622 19587 83894 23227 62269 81263 82747 34871 73213 27815 53891 43688 60888 35529 57618 36304 64988 53425 27951 94911 94283 96103 72692 7205 77032 84634 53404 81226 4832 20993 50654 35547 27381 98015 40530 42742 44002 24048 78906 86576 21021 5077 99082 16604 9503 39283 17528 60206 62431 72246 15553 6168 19370 47539 62938 42588 56241 14038 96037 67106 47111 78184 1477 16797 96535 82871 651 72850 96063 2533 56241 60854 21383 95442 33410 68018 5221 10763 58400 77010 20410 35362 50006 39207 68991 82871 50976 27272 86576 18774 56582 56665 66622 82139 62434 2819 83615 15497 71531 60629 17633 
746 94
99512 85452 26603 16149 29877 6817 51922 12735 39469 48865 81272 94383 81979 54602 72617 42950 64156 69878 70301 35789 91235 58230 15735 74627 99256 71928 9098 47014 4879 39817 29012 70615 43481 35341 8002 99293 90895 47645 8077 23214 76267 3690 63987 91166 94257 4495 18836 36114 968 58091 86343 69997 34861 10258 87029 63241 73448 42891 44577 3917 76301 43879 81137 69287 4495 69287 6817 39817 8261 16018 72501 16018 58342 86343 76301 968 88741 69878 12735 968 18812 11389 3690 33395 63987 41217 86499 36114 12342 3917 67621 95860 36114 86171 
236 96
47775 62680 60183 2115 90902 96109 23755 86021 62165 5532 7969 2045 88112 98779 99460 37056 32788 98758 8174 49581 21061 44498 64669 31862 10320 11299 86665 28399 75730 60078 35175 6636 28646 12811 77704 94680 34545 84690 17241 5080 99510 48469 48895 79867 60739 67538 51564 65090 7343 60045 2937 76830 33158 17361 74465 95335 23894 29052 28088 52389 94007 87187 1431 59799 90297 36814 37861 74892 85731 90410 17392 22520 20928 97737 36814 9839 64275 14401 5751 78617 55485 65971 90297 6513 95335 65971 64669 19556 59543 51564 28490 19895 47775 25299 32396 32766 
366 186
29111 4399 62748 45623 53446 39793 11041 88354 15896 25554 63683 670 96652 90960 71495 56650 65844 72949 78488 20756 32596 3399 62455 65486 57544 13917 7701 49602 72905 80515 43267 79700 31076 53370 8091 11418 74655 75836 51154 65876 59328 60259 31215 69229 55333 91269 87576 70455 79638 64610 31055 44200 76077 37831 94607 24593 94162 7091 38789 80824 97698 29206 8781 69123 54782 6042 20006 46429 56532 18365 47883 38398 86455 61492 59172 18714 96068 91064 6930 38698 80580 51615 15123 74373 55947 84348 72127 86913 52573 64230 59798 16092 55511 24722 36634 39923 68507 56529 66923 72828 55326 76106 81245 88504 97395 35253 57749 51582 60735 67066 90235 21642 59869 31251 95348 96489 38674 5748 98056 90742 35611 62143 8709 73225 15612 54082 80816 97933 4273 59393 5233 9431 21679 237 30432 8194 55885 76676 49531 44265 87407 97569 22761 62748 94162 10385 29151 7528 34683 16214 97925 50545 4273 43267 62866 94162 45623 79303 23440 88158 73575 85395 27955 76077 86913 16092 47883 76647 76532 49907 73575 71134 25434 59393 24722 10938 29206 97925 58137 79089 74655 59798 62748 27198 91506 89977 
751 19
20247 23611 10975 67751 64925 66262 81285 74786 84376 70499 74795 82069 13379 99079 97517 72305 79656 46562 44739 
371 132
10811 12661 81277 9866 7033 43668 96131 71643 57523 51629 75015 85905 5128 44700 25800 44794 58358 62245 99716 69129 89988 28731 30649 57345 64742 96996 29621 34768 4211 27039 39014 40535 9107 41018 27073 70690 24868 46957 49382 82934 25164 22380 38258 58227 79586 33392 34058 18589 81019 47435 35438 36747 24671 12110 94147 99335 70553 68322 60544 8108 64671 58911 60403 31707 11846 6214 69919 57847 16108 19367 89941 80343 54107 82721 59448 74091 3106 71954 79937 27101 12828 13135 53552 30443 63082 45744 89663 12907 33602 61439 68798 1587 37717 32291 13118 67442 10334 38126 20388 33264 35689 31063 79265 56784 34812 96996 53299 91122 38517 32466 67442 60191 7259 65947 55323 14304 65684 23075 86401 51252 33948 35804 44993 80740 18351 22380 50688 48137 68031 90310 50235 23273 
118 152
40579 53387 72217 56665 33243 90079 42501 11450 90673 68384 54032 42831 49028 69636 22941 38253 67215 75594 6616 58690 41718 64476 71147 4905 13875 57696 99433 38157 85799 74336 61483 72565 47913 60123 85033 54506 95813 95551 83954 98265 39173 44514 88867 16390 10115 19332 43177 2439 84293 46243 36215 24499 73878 86675 59788 48587 98198 99562 78763 22440 78352 95003 89232 18228 51256 93157 89464 23386 59273 50128 12357 27737 7787 33938 75121 51953 21732 95712 9724 10984 70447 85188 1895 55131 45482 47694 11123 73359 32348 65279 62039 45067 58246 2106 58493 14419 71621 96075 24492 85864 25867 27404 16233 62876 20886 18255 84789 62221 55131 44644 86838 89232 70667 58690 42416 55131 51824 94508 39840 90638 67215 23386 11349 4721 33243 27519 51256 4403 73359 11349 94307 49300 70667 51953 15769 84602 99562 90673 51256 88867 55115 78763 33938 52381 22440 22941 61483 67215 46243 32348 23116 56665 
379 298
48303 61324 76229 36093 84052 14670 37368 76921 8033 3918 95198 39846 54751 12354 79101 6613 41117 57831 46002 66861 26859 25103 53391 7503 62361 81355 37843 50828 44612 4610 19534 8808 8497 36338 97344 89653 49225 28773 20454 51258 68443 69333 67315 44419 61746 92427 63675 80598 29548 13227 4530 62587 71983 96778 83461 80815 23513 56346 91284 26021 59707 48061 10765 19735 42825 64895 4083 10201 2035 34125 72273 72224 51306 38872 74964 23305 61532 60280 62228 38887 83202 69325 42270 83547 62090 54533 75081 52728 38649 40518 83700 90061 76252 38006 54186 4916 80767 90133 25707 38930 29283 53895 37525 96581 79620 39686 75584 41274 82749 42747 12171 45382 33979 33781 75248 90366 7754 77719 82922 13578 66978 64564 99202 35812 50870 18519 42760 25471 46098 26663 5879 82090 87812 45830 2288 99279 64592 97291 85858 41162 69895 66012 65829 75061 17557 78667 61146 47976 34506 58381 50562 63147 2073 95718 72311 72079 73765 22715 54211 59720 75283 95929 60550 30 14643 32022 69808 42629 14748 40641 52055 15563 28401 71988 14326 43613 90925 71296 16389 10301 65372 35230 554 7476 74417 16408 46099 42257 74451 40501 66984 36020 30309 13154 46791 35541 61879 46772 50099 53754 99591 97524 30130 95061 43200 20585 15319 35916 79360 88786 83015 38611 64949 17554 72308 37919 78849 86927 38930 14670 76273 18841 76614 62494 32773 20585 6613 71988 23513 32164 2035 59720 23131 42257 39680 9054 4083 71988 38649 31477 42257 61532 42747 61879 74964 97344 78849 46099 17068 13795 23305 51306 28773 52055 25471 14608 83461 49141 35916 19425 90366 804 99591 14326 14748 59720 11845 95718 14608 58928 16544 86927 44419 71988 59707 79620 83015 32773 62361 47976 65829 78162 89713 55547 66984 64542 21078 96581 42257 75081 83700 73765 70481 54211 33979 16544 38142 58984 
