194
4099 17
69193 36834 52214 26476 5099 65578 99883 84864 9990 56538 29672 30286 15413 50768 42093 82306 90251 
8197 18
52458 5312 37357 39853 15157 33998 80914 37962 77716 3862 38096 48927 10863 63943 720 77277 52385 67454 
3078 12
71149 29391 94732 38367 42488 62238 32264 83954 51436 40235 17749 5212 
8712 14
53103 79289 68851 25620 46220 63193 80116 28452 54743 57273 35472 72090 69600 12525 
520 13
24213 22444 30948 34091 41348 110 61116 19502 81727 13982 90702 13745 63571 
7692 13
737 69814 62268 3709 97900 12953 65003 23223 43090 598 75830 9258 32481 
3085 14
70384 11239 28359 78682 48837 33003 95701 53465 99787 71776 64261 50016 57808 90 
530 16
16125 28729 65720 84496 44176 28229 91832 81726 88424 45793 29099 52972 14838 53769 87311 86997 
532 18
28371 41915 86400 4761 67734 79778 78986 92286 50729 40565 91636 83846 55620 89500 22798 75534 9513 44285 
1556 19
10303 99500 70486 67871 18307 30508 27036 19297 31645 26954 16757 40897 39198 91670 6231 53033 82565 74855 94060 
4631 19
9577 66446 80045 15196 49982 489 80023 49649 52408 6866 63708 80217 56132 12505 98260 40434 74390 85608 43970 
536 15
73205 59866 97054 62534 46800 94609 13810 53429 26646 1681 94568 38008 71025 16565 3684 
1561 18
9880 16710 71237 37006 92126 27889 87458 58267 38789 53032 92091 16984 37612 18027 25619 5669 90433 30326 
4119 16
1396 88162 64121 59520 65014 50816 87784 31245 40876 45565 85573 90668 64030 72850 88244 20745 
8730 15
28565 54180 70577 29795 3066 97591 95584 78006 38448 17254 63838 99587 75695 80550 99517 
7708 15
7505 31564 59600 18287 20383 8530 54067 45600 91384 50761 53255 31616 68646 12263 4744 
9248 14
31706 80548 48098 6174 3464 59048 67643 48950 40299 43720 69843 76852 31013 46102 
9250 13
22362 44363 13243 26902 40283 36413 401 50572 91350 64333 81473 47229 56990 
8746 13
91568 18958 60597 48171 15660 34502 1829 88860 76894 54434 64900 21755 50308 
2091 16
964 94265 55930 94547 78724 46405 38805 32851 21854 18151 51513 23965 62641 4295 89886 26503 
5677 20
56902 52498 17625 37275 19496 25909 11538 55509 73603 12243 21000 17387 10112 63701 25537 50283 36406 2331 34421 75794 
5678 14
16922 46381 99348 6247 14000 24480 64207 12407 34966 70244 1690 74391 93478 91130 
50 13
29395 61638 18611 84778 75002 17550 16855 10110 39797 68416 42774 41246 25630 
55 20
49673 12794 68662 2172 30150 34149 95128 54182 37240 88825 13647 44334 462 30930 88101 2612 79878 86566 26334 52714 
6712 19
10214 82890 85203 15454 8461 89403 62255 36804 21673 55337 60773 72059 28022 4014 76611 87917 4260 90135 14454 
7224 13
50259 13845 1021 87834 47075 5633 99840 78669 49699 99160 33617 50855 91960 
6203 19
28955 75476 69262 816 97251 38825 47245 49265 82200 94572 34475 63104 77401 13548 858 42262 29643 46185 95464 
4156 16
90416 77216 897 15988 93823 49995 50429 87078 41329 29133 4816 4139 38579 8783 97141 26496 
8254 15
31572 10821 42451 67518 88947 18461 494 71939 21884 51557 12813 82031 81783 13658 59811 
7743 10
252 78607 10635 96289 61778 69402 84161 54777 26654 72411 
3139 14
30075 82019 39342 38151 71431 10883 42701 31626 89178 31857 72299 53065 37825 89733 
6212 12
35386 29498 10024 84445 11374 96981 15924 35388 28692 14766 5696 62838 
6727 18
68367 9975 99419 89031 71129 27475 33345 751 3037 89985 20419 35650 46683 62815 99493 33423 53500 169 
72 19
63639 4881 4102 91784 60433 52737 48253 89314 11162 59615 46450 17698 91093 86298 38635 12452 78903 54942 16099 
3145 18
8138 82833 18558 21898 18257 67669 75249 56520 24891 37118 37013 56795 92592 9298 1539 96033 43228 38087 
8778 13
11083 92574 24661 56721 67422 77976 85897 32725 28906 59388 4369 44276 72541 
9289 17
52242 39513 33486 83792 58540 42430 50574 23456 42525 48269 16473 89524 96965 88780 15769 88158 76433 
2124 16
53071 75291 7134 5909 86917 52177 89146 8319 40359 98474 51097 17466 73227 79976 45414 65630 
4687 12
71218 89274 71282 38049 1273 32584 13904 4394 92014 77007 80037 7955 
7767 14
30572 50653 70604 78904 82714 78662 25806 3455 15879 36340 24227 32219 89849 5580 
4704 11
45187 14343 96939 47679 88817 66137 53376 26048 11965 79826 46492 
8289 14
91840 82082 30939 66519 43722 76701 38015 44124 34380 20381 12725 36754 83209 31144 
8303 10
99530 86922 97887 75871 38797 15817 65494 34574 10372 74081 
6768 19
9259 91538 75672 78517 46691 83608 25946 55850 88814 82863 31678 52805 63908 60876 50894 30783 13245 13673 75757 
3698 10
29770 24081 3504 32386 68347 82055 64709 32312 91786 8503 
8306 13
79621 18424 45966 92108 87257 14248 50367 98381 21177 76513 81227 71730 34712 
2677 12
14102 36378 39458 59551 12049 11217 72540 32573 58786 42113 52583 42127 
6774 14
61113 84050 10616 38245 39533 22542 50380 43990 74660 98285 40200 61713 55026 76463 
6261 14
12086 27938 28062 71110 53607 5086 30460 3229 57583 77999 99554 80408 47525 47403 
7805 11
24438 76283 5868 46146 55605 44397 11265 3157 896 23343 23483 
7297 17
65635 42441 6562 1331 69140 92049 94794 39143 32832 35331 69728 94280 81948 51061 83038 13277 45654 
6787 15
15375 22051 44132 42098 724 82924 46980 72288 57263 10664 52415 79100 36894 1430 1430 
7301 15
41457 18870 48699 13891 52833 70150 1898 3001 12674 1290 90693 36417 14092 74708 39141 
4231 18
26108 93013 7049 52359 22830 33514 17548 96225 81509 24035 6070 90565 37715 83453 28 68464 48429 21764 
6792 14
52189 56258 17248 74662 60785 37289 29429 3160 71996 28459 5277 7163 18607 2690 
9863 18
44175 92764 21622 44851 5681 54906 61288 66438 64221 19321 4296 45952 37999 49458 87376 13687 37145 92596 
4240 15
64143 94630 13144 84070 13786 4251 36846 42792 3155 27639 32396 23083 51025 51006 28790 
4243 16
7236 59160 39913 86541 43064 88258 97226 16267 9299 14031 84251 98923 51708 93977 81980 79234 
1176 14
7382 84570 85015 17553 92171 46632 80163 35942 63336 91262 38649 91541 58895 57842 
3738 10
71841 36649 53900 10148 7563 11106 92805 81904 69821 3088 
6301 18
18416 4404 38908 28787 58941 32058 5805 20408 30745 44030 61118 5049 2254 40585 25499 16930 69051 54084 
4765 16
46300 10403 24362 25756 40877 6229 68898 54555 24363 66924 60786 23708 71951 41937 36278 85113 
7325 15
30357 10541 51877 86616 45772 78626 64475 50765 83174 50295 15623 35441 51100 46360 50907 
675 15
33830 83290 14785 60109 15045 73046 66725 44800 57555 4887 10612 8074 37007 13235 87229 
3752 19
48898 11330 5347 49326 28685 11146 53263 59402 29459 11309 12073 16438 57165 76383 66903 25296 57550 59939 84505 
681 10
65697 96612 85624 92045 67712 55319 96696 9145 37900 7156 
6140 16
59295 85981 47656 28192 56265 96742 90393 8834 57175 29642 36276 81985 70814 54054 90018 62933 
7856 14
38138 10131 27745 64366 56626 57838 90818 46272 41653 87973 47140 96719 38224 29898 
2740 13
3491 15170 8721 65984 42114 89429 95449 52416 89361 64706 87440 59941 80601 
7861 18
83127 30826 70185 7153 97889 89397 98166 25179 12461 26584 893 63759 62413 26684 93066 15132 40456 91049 
2743 12
5732 27303 21263 26435 8141 31334 61905 36887 89395 5936 57184 23235 
4796 15
51560 68312 77084 16286 81035 1068 97380 53290 82522 78947 86008 79302 60367 38378 33791 
3773 12
22613 29759 21347 90502 37327 6920 69350 1689 10535 44848 40345 45623 
7359 18
63823 26800 78298 52312 80345 70567 28951 87754 9375 77549 32965 27486 90334 12848 69499 74782 70160 63996 
6340 13
60207 9906 13455 53228 8151 94994 46063 60536 60749 35977 83042 56010 4957 
4293 16
19721 56494 8995 50667 55306 39038 26784 23588 14851 96517 44940 90629 62345 16419 21361 7037 
8390 20
44742 48266 52167 32568 18962 87760 1030 17788 70232 90497 83316 49743 42303 56049 9561 60519 65036 90866 27709 93150 
9929 19
91059 72197 22371 34296 10639 43126 62131 30122 28868 13977 35823 4267 78255 64777 58044 48263 17181 37790 46547 
3787 13
76474 43803 94413 73811 62463 96623 33458 69375 80435 64987 22520 10160 62970 
3277 16
32672 39549 60395 19826 23432 18635 18984 67204 15674 39314 39191 68496 94314 13431 96648 29145 
6865 17
36107 41846 90230 2534 43988 10982 39906 26117 66338 39201 200 72904 31462 21469 41521 25736 25584 
7377 16
1673 30737 89374 33294 78506 50065 49425 26973 44587 23335 75735 54863 91205 33352 44049 84088 
9427 11
46960 22251 49089 51176 27912 23862 82774 49599 4738 33967 39043 
7381 18
23045 77720 63214 14329 67078 9678 31361 86086 11332 44296 62231 57198 94950 4972 63479 93734 98865 3118 
7384 16
31705 56831 56319 88240 95648 24652 87360 82847 62313 32486 12128 22345 13395 72666 81332 68034 
2779 13
55666 41089 36617 3059 28814 89430 15936 64353 70240 74233 88569 3307 73747 
1759 10
62170 60003 10298 27616 13082 93292 64819 78093 83614 67116 
4835 15
24054 68754 30405 67059 75037 58591 27540 77233 83536 99957 92980 90981 95528 25544 52862 
1252 12
19262 15530 95748 2773 88915 7169 75743 68017 97646 43186 86080 83111 
9445 16
7416 27100 16909 36259 85481 57569 52393 57382 91378 88550 46347 76471 91611 86743 66729 54088 
2278 14
79529 99576 68026 78649 34360 73248 27707 56378 17299 39896 86428 87718 88758 59890 
8423 15
5489 22740 11968 29615 99761 47830 38085 90888 41306 22744 19160 97865 13393 14338 83657 
7401 19
54275 34308 17399 42695 83953 71559 16673 33447 62049 31059 57822 37779 78467 14565 85005 96744 86906 4583 87432 
236 19
51746 82860 39754 37553 87184 47032 27093 44094 55508 83818 2918 43580 52914 20353 67714 2467 51304 61890 85379 
237 13
62161 80910 67478 91842 7343 73477 88352 82791 86725 31849 95786 12804 48154 
3822 19
74827 14294 649 53 44602 50770 89133 25858 40183 21122 65501 11854 13488 78375 54795 40501 31244 289 99707 
238 10
42051 77251 68570 44913 76242 99880 20621 70318 83068 49401 
2288 12
64837 79955 1306 25305 93909 98380 11721 60492 57085 28673 14476 97175 
6898 17
93921 46127 48988 51119 68687 21362 93878 46833 19334 10582 18225 64743 56252 42588 41135 19711 5914 
8434 18
45588 61200 39428 92130 26163 14946 28374 55689 54956 84341 29037 70701 27251 53582 30601 11842 53482 40677 
9467 19
20302 24454 91860 71187 86572 51019 96825 66786 39303 45658 16008 96722 6583 90682 53328 25834 56654 39592 9160 
9980 19
7725 13131 27823 678 18809 54620 26187 29629 90109 75845 62181 76719 64647 93626 65687 67749 65284 71117 95073 
4861 12
82525 77645 74022 72048 47814 29868 72026 43646 80315 41849 79615 92473 
766 15
27478 55432 18280 33014 49908 43871 8598 53126 94320 5864 1981 90430 87213 51401 73864 
259 13
71756 27854 71112 38223 39331 53593 55838 55766 42683 92725 20666 30951 37857 
771 15
5122 71575 39210 38384 77026 79626 26733 14046 56602 81586 10550 56623 5532 14036 34912 
7430 13
75144 83401 10988 69945 94989 42915 41462 67476 60895 36456 11795 98391 20307 
5896 12
42871 60851 35109 53833 88504 6549 91507 25352 96973 1633 5847 50877 
4882 14
14301 58618 22307 69416 58625 78564 3074 63725 36837 46134 59199 93515 92506 26990 
6932 13
10896 4759 42617 84701 97488 5142 76790 70266 33253 92373 1842 59644 53917 
4886 17
55519 80794 94704 98274 33761 35829 39548 24294 30403 41894 94582 59510 87883 73240 18877 59504 75454 
794 10
26937 94453 19230 14396 81411 19740 64596 19564 74291 9991 
6428 11
26121 96374 35740 67552 33754 62570 82653 77207 89509 4249 65869 
1821 11
65636 13991 70453 61552 73198 2655 20486 64686 71254 83654 88119 
797 10
60036 3901 82991 69510 97509 19789 9020 62661 39452 48403 
2846 19
40708 41753 13959 95082 19318 75647 98739 52421 66593 32465 19006 86611 68311 95158 76610 7492 92210 20710 65011 
4896 15
3854 91706 26182 51162 75906 24861 64128 81826 99428 22356 30752 42882 1683 5714 34823 
2850 13
27881 42438 14739 46336 53946 74506 73507 55044 68714 86508 75644 49715 43841 
294 16
8751 67894 8939 29182 79655 14474 39883 60970 30463 16294 66430 80902 15511 64719 51459 74730 
6443 10
65677 17886 8310 27520 67591 82759 64181 23402 48576 79612 
6448 17
77381 32170 97208 63987 74823 22782 32497 64834 83642 23490 33857 81570 70369 92235 21749 59367 24266 
9522 17
21616 72021 15853 19115 87099 83357 48867 56013 51413 51777 30634 31309 255 85832 35840 94681 740 
822 13
8699 36123 44944 99608 9044 77812 80095 922 70989 77822 83102 13934 22919 
4407 13
37494 40004 69998 32431 96397 32837 5441 86336 30516 78355 48267 43205 76537 
7491 18
60681 43424 39338 6316 29611 89044 48935 8221 14389 70505 39743 69142 32661 67568 75423 25513 21049 24104 
3909 19
95041 6852 22531 60757 88531 68487 56190 86961 45571 61115 51588 20205 92382 64212 50578 60634 47518 7396 36626 
4421 17
38759 50695 85567 37705 86342 83081 64911 9133 37471 20627 23613 64069 3838 77218 45294 2923 76290 
9545 17
94154 21497 17360 59842 46887 44273 55205 11270 82534 98547 70126 84330 86128 24609 55232 52006 97248 
3409 14
41200 57122 99267 88710 42738 27045 20305 22352 6669 55157 42586 70374 70010 91502 
6993 9
26720 69164 33515 48603 16950 93421 81627 52974 2980 
339 18
52082 79228 86688 17915 27942 77635 46187 36061 88088 72357 13498 19998 37593 55575 34201 42160 69372 43697 
1875 10
65010 41170 16928 2866 32098 35936 55570 6913 93581 30913 
8021 13
19839 81314 75369 19112 89334 31231 75181 4015 95527 66099 94452 77707 7352 
2390 16
48822 7192 34627 88046 76676 25247 11419 35565 69085 79272 12293 30278 60318 7389 46397 93575 
8023 16
68145 88775 5978 5243 18348 12212 72306 30406 34405 95098 21142 72832 93938 10096 97778 37858 
7003 17
78809 25850 53198 61468 37427 39764 42625 2108 75072 60552 85696 35521 55648 86058 57023 21373 88704 
7515 11
32430 77803 32060 5656 13034 1370 85042 27885 61005 35357 63763 
1886 13
23337 34381 27423 16148 77196 90527 69917 18501 76267 99025 19375 24943 56011 
867 18
63776 96098 29362 89569 5990 19868 46427 60675 96472 27374 69177 30198 58967 81642 30583 49251 32775 71108 
9061 10
14719 42091 40717 97493 6623 97758 36314 47228 34454 6237 
4966 20
97987 8445 40301 63228 71214 95349 60444 57830 96453 29952 85470 40774 2013 50602 31906 30216 3316 59714 93024 42135 
3431 15
85614 95143 17795 25336 89307 51474 71837 23277 29368 44753 7261 30289 36464 295 44269 
8553 18
48101 25333 90801 70202 11258 9912 57160 36229 93859 93197 32360 21877 81672 99913 17626 84531 23207 91853 
365 15
32384 6890 53883 23100 48211 19840 89732 7515 62385 26869 23906 37998 2001 92571 30617 
4974 10
52418 39384 80686 28466 29267 84667 7630 69581 35468 95654 
3439 20
91591 82258 47302 97960 75470 47501 31612 43263 38761 64887 39392 86189 42178 55859 50004 10234 64213 21581 20458 62989 
885 12
72868 25953 35954 53355 42066 15592 84377 62829 97369 2867 10289 40780 
4984 11
56495 19102 60984 19211 69536 52594 39325 72142 57573 80480 3888 
7546 14
75538 79010 10518 42103 87029 84283 3196 34261 30598 20150 93297 80125 83802 37983 
7035 18
11995 70645 31940 89554 34816 53107 34166 62585 3012 25082 89701 85829 9182 50440 57848 52787 1982 4977 
3969 17
88383 86507 42805 42306 38357 26595 85035 15904 79528 38992 72737 5030 84004 84995 48937 49180 34144 
2947 10
32741 19849 46635 38207 96459 98124 3651 8012 21906 92941 
5514 11
9165 72346 83995 12511 2548 91981 64176 66841 98431 92950 55264 
1419 16
59855 58116 85796 3575 75125 96856 66449 6281 29009 15409 63769 46829 34865 87717 20223 88626 
7566 12
52625 78094 73399 60376 26299 83917 46627 3844 86937 14410 31933 71415 
2959 19
52491 59342 53266 24428 90280 47127 78222 45449 21030 37926 93502 79181 7950 34390 52099 87495 50771 10966 95288 
6543 15
2994 86056 6767 78921 61340 30167 40379 22442 26825 37228 43019 97178 79459 50688 43513 
7570 10
64140 48156 71170 64384 88002 93250 41564 5765 12513 42059 
4500 11
16128 89459 25822 20771 58554 72662 29223 97920 44385 60643 24650 
7573 17
91295 6561 13279 49273 80551 62107 88245 20978 58443 909 39701 85017 96080 99184 4037 24875 81282 
2965 14
83617 65931 8060 20140 80184 32905 18464 24566 24157 86500 94197 96494 1190 56189 
3993 15
60365 4313 63237 47019 43520 90129 50285 89549 80554 21837 58199 92861 56292 57768 22861 
2970 15
59106 5194 32716 57861 32703 1170 22801 35593 23601 57843 27703 2047 60103 4969 87877 
3995 18
11629 9532 77398 88766 15730 41186 26309 98541 17806 50262 83365 50498 24720 84043 89267 66268 86451 26424 
4505 20
98317 92689 580 35914 235 77005 69017 5592 83208 15975 75328 88946 14107 68846 35044 60299 64246 35844 67702 92462 
6045 18
9675 87413 36492 33012 76953 53513 126 41662 55711 42670 32953 77109 13155 45478 6714 61624 69812 29766 
6048 20
55559 22133 98113 77926 91808 64630 31725 39826 59051 70842 35364 65518 56987 84940 18223 13555 77095 34404 69800 32019 
4003 12
2738 42207 41632 79447 88380 10907 90967 62219 93868 60633 23425 4385 
7080 14
96276 28581 7387 52564 23203 1663 85546 9682 20008 73591 69107 70841 51743 80729 
2986 14
32452 5536 10776 9746 94600 79125 42996 90172 18884 6110 75541 36128 14964 16598 
8108 11
79593 50028 17390 40497 66980 90571 95974 54584 43037 42241 27661 
3500 15
84217 58681 73380 7802 53480 82456 32499 26149 70445 10263 89139 28341 81408 7867 17191 
3508 17
4477 95793 72796 5834 13839 35446 52419 27319 62536 27220 36707 56069 16879 21164 59259 19898 48104 
3008 14
31683 30813 30115 8538 84471 18518 99357 96975 11958 22516 24130 96931 34054 75415 
962 18
65457 90022 80245 69990 6991 51 32548 11387 17240 65995 76050 60472 39128 26091 42600 68262 54311 68589 
4034 15
59228 78699 46410 70081 96419 69135 41208 98293 9629 132 39123 31184 82645 52976 88186 
5060 20
51808 90212 30432 99827 80635 8671 73157 42848 5710 43886 93135 6748 93882 90078 81536 5821 7655 42640 99538 60166 
7109 13
77015 28613 45434 13185 34213 12577 70573 44055 86722 16100 39073 3094 45524 
5574 18
37673 75936 44649 76854 23542 30945 59149 78787 9790 55741 53248 37429 64810 27252 26213 63216 66776 80850 
7625 16
57240 36828 18098 34769 32089 39690 14042 55714 77960 98958 74305 523 47819 26625 34218 99362 
9161 11
49589 59598 49010 48675 22360 28820 63463 27959 43394 58675 86004 
9163 10
18853 1486 17015 54751 61298 9077 57111 35283 99903 34883 
1998 10
61304 54574 55799 85830 75553 69699 16796 34449 79934 14063 
1490 18
39436 72749 22143 82988 56948 16371 22718 37727 72180 29781 98149 37602 49141 92063 8390 77102 68749 54455 
9170 11
81701 31471 80338 58750 91730 68735 31228 62018 4214 60642 57580 
6617 11
64879 96926 23323 35264 57021 31755 30610 84460 12449 61247 20953 
5087 15
93105 1343 64419 19122 4648 49610 65041 66618 81601 59614 30368 85813 17163 3182 28405 
8671 13
77403 57210 53930 65934 73710 39220 76774 7840 81073 72183 43893 8579 39264 
5091 16
69124 65945 25414 38037 39856 31388 28304 57384 12683 89906 28866 21570 88734 8330 10382 44496 
3558 18
92282 34487 34992 82945 20240 30266 96325 7510 73416 55099 98656 39249 23169 94267 70610 61121 51990 22903 
6133 16
83538 55928 33681 30365 72064 89538 71467 97822 86575 68820 24389 28856 69944 8887 49229 6366 
7670 11
85631 91947 63314 4930 68298 76671 99121 27375 46746 2341 60540 
503 19
97641 36628 88756 93464 68970 11663 89481 46751 79900 59765 93094 84747 48761 49999 16134 37329 85287 4800 97855 
3580 18
74033 26308 12403 15914 88651 7837 93285 33000 43312 94672 58325 22381 54485 47553 68291 84211 24670 29107 
